1
1 3 224 224
64 3 7 7
1 64 112 112

7
1 64 56 56
64 64 3 3 
1 64 56 56

10
1 64 56 56
64 64 3 3 
1 64 56 56

11
1 64 56 56
64 64 1 1 
1 64 56 56

15
1 64 56 56
64 64 3 3 
1 64 56 56

18
1 64 56 56 
64 64 3 3
1 64 56 56

22
1 64 56 56
128 64 3 3 
1 128 28 28

25
1 128 28 28
128 128 3 3
1 128 28 28

26
1 64 56 56
128 64 1 1
1 128 28 28

30
1 128 28 28
128 128 3 3
1 128 28 28

33
1 128 28 28
128 128 3 3
1 128 28 28

37
1 128 28 28
256 128 3 3
1 256 14 14

40
1 256 14 14
256 256 3 3
1 256 14 14

41
1 128 28 28
256 128 1 1
1 256 14 14

45
1 256 14 14
256 256 3 3
1 256 14 14

48
1 256 14 14
256 256 3 3
1 256 14 14

52
1 256 14 14
512 256 3 3
1 512 7 7

55
1 512 7 7
512 512 3 3
1 512 7 7

56
1 256 14 14
512 256 1 1
1 512 7 7

60
1 512 7 7
512 512 3 3
1 512 7 7

63
1 512 7 7
512 512 3 3
1 512 7 7




















